2
1.0000000000000000e+00 0.0000000000000000e+00 
1.0000000000000000e+00 0.0000000000000000e+00 
1.0000000000000000e+00 0.0000000000000000e+00 
1.0000000000000000e+00 0.0000000000000000e+00 
1.0000000000000000e+00 0.0000000000000000e+00 
1.0000000000000000e+00 0.0000000000000000e+00 
1.0000000000000000e+00 0.0000000000000000e+00 
1.0000000000000000e+00 0.0000000000000000e+00 
1.0000000000000000e+00 0.0000000000000000e+00 
1.0000000000000000e+00 0.0000000000000000e+00 
1.0000000000000000e+00 0.0000000000000000e+00 
1.0000000000000000e+00 0.0000000000000000e+00 
1.0000000000000000e+00 0.0000000000000000e+00 
1.0000000000000000e+00 0.0000000000000000e+00 
1.0000000000000000e+00 0.0000000000000000e+00 
1.0000000000000000e+00 0.0000000000000000e+00 
1.0000000000000000e+00 0.0000000000000000e+00 
1.0000000000000000e+00 0.0000000000000000e+00 
1.0000000000000000e+00 0.0000000000000000e+00 
1.0000000000000000e+00 0.0000000000000000e+00 
1.0000000000000000e+00 0.0000000000000000e+00 
1.0000000000000000e+00 0.0000000000000000e+00 
1.0000000000000000e+00 0.0000000000000000e+00 
1.0000000000000000e+00 0.0000000000000000e+00 
1.0000000000000000e+00 0.0000000000000000e+00 
1.0000000000000000e+00 0.0000000000000000e+00 
1.0000000000000000e+00 0.0000000000000000e+00 
1.0000000000000000e+00 0.0000000000000000e+00 
1.0000000000000000e+00 0.0000000000000000e+00 
1.0000000000000000e+00 0.0000000000000000e+00 
1.0000000000000000e+00 0.0000000000000000e+00 
1.0000000000000000e+00 0.0000000000000000e+00 
1.0000000000000000e+00 0.0000000000000000e+00 
1.0000000000000000e+00 0.0000000000000000e+00 
1.0000000000000000e+00 0.0000000000000000e+00 
1.0000000000000000e+00 0.0000000000000000e+00 
1.0000000000000000e+00 0.0000000000000000e+00 
1.0000000000000000e+00 0.0000000000000000e+00 
1.0000000000000000e+00 0.0000000000000000e+00 
1.0000000000000000e+00 0.0000000000000000e+00 
1.0000000000000000e+00 0.0000000000000000e+00 
1.0000000000000000e+00 0.0000000000000000e+00 
1.0000000000000000e+00 0.0000000000000000e+00 
1.0000000000000000e+00 0.0000000000000000e+00 
1.0000000000000000e+00 0.0000000000000000e+00 
1.0000000000000000e+00 0.0000000000000000e+00 
1.0000000000000000e+00 0.0000000000000000e+00 
1.0000000000000000e+00 0.0000000000000000e+00 
1.0000000000000000e+00 0.0000000000000000e+00 
9.5833437499909380e-01 4.1665625000906238e-02 
9.5833437499909380e-01 4.1665625000906252e-02 
1.0000000000000000e+00 0.0000000000000000e+00 
1.0000000000000000e+00 0.0000000000000000e+00 
1.0000000000000000e+00 0.0000000000000000e+00 
1.0000000000000000e+00 0.0000000000000000e+00 
1.0000000000000000e+00 0.0000000000000000e+00 
1.0000000000000000e+00 0.0000000000000000e+00 
1.0000000000000000e+00 0.0000000000000000e+00 
1.0000000000000000e+00 0.0000000000000000e+00 
1.0000000000000000e+00 0.0000000000000000e+00 
1.0000000000000000e+00 0.0000000000000000e+00 
1.0000000000000000e+00 0.0000000000000000e+00 
1.0000000000000000e+00 0.0000000000000000e+00 
1.0000000000000000e+00 0.0000000000000000e+00 
1.0000000000000000e+00 0.0000000000000000e+00 
1.0000000000000000e+00 0.0000000000000000e+00 
1.0000000000000000e+00 0.0000000000000000e+00 
1.0000000000000000e+00 0.0000000000000000e+00 
1.0000000000000000e+00 0.0000000000000000e+00 
6.6666562499961157e-01 3.3333437500038843e-01 
6.6666562499961157e-01 3.3333437500038837e-01 
1.0000000000000000e+00 0.0000000000000000e+00 
1.0000000000000000e+00 0.0000000000000000e+00 
1.0000000000000000e+00 0.0000000000000000e+00 
1.0000000000000000e+00 0.0000000000000000e+00 
1.0000000000000000e+00 0.0000000000000000e+00 
1.0000000000000000e+00 0.0000000000000000e+00 
1.0000000000000000e+00 0.0000000000000000e+00 
1.0000000000000000e+00 0.0000000000000000e+00 
1.0000000000000000e+00 0.0000000000000000e+00 
1.0000000000000000e+00 0.0000000000000000e+00 
1.0000000000000000e+00 0.0000000000000000e+00 
1.0000000000000000e+00 0.0000000000000000e+00 
1.0000000000000000e+00 0.0000000000000000e+00 
1.0000000000000000e+00 0.0000000000000000e+00 
1.0000000000000000e+00 0.0000000000000000e+00 
1.0000000000000000e+00 0.0000000000000000e+00 
1.0000000000000000e+00 0.0000000000000000e+00 
1.0000000000000000e+00 0.0000000000000000e+00 
3.3333437500038837e-01 6.6666562499961157e-01 
3.3333437500038837e-01 6.6666562499961157e-01 
1.0000000000000000e+00 0.0000000000000000e+00 
1.0000000000000000e+00 0.0000000000000000e+00 
1.0000000000000000e+00 0.0000000000000000e+00 
1.0000000000000000e+00 0.0000000000000000e+00 
1.0000000000000000e+00 0.0000000000000000e+00 
1.0000000000000000e+00 0.0000000000000000e+00 
1.0000000000000000e+00 0.0000000000000000e+00 
1.0000000000000000e+00 0.0000000000000000e+00 
1.0000000000000000e+00 0.0000000000000000e+00 
1.0000000000000000e+00 0.0000000000000000e+00 
1.0000000000000000e+00 0.0000000000000000e+00 
1.0000000000000000e+00 0.0000000000000000e+00 
1.0000000000000000e+00 0.0000000000000000e+00 
1.0000000000000000e+00 0.0000000000000000e+00 
1.0000000000000000e+00 0.0000000000000000e+00 
1.0000000000000000e+00 0.0000000000000000e+00 
1.0000000000000000e+00 0.0000000000000000e+00 
9.5833437499909369e-01 4.1665625000906328e-02 
4.1665625000906280e-02 9.5833437499909380e-01 
4.1665625000906259e-02 9.5833437499909380e-01 
9.5833437499909380e-01 4.1665625000906259e-02 
1.0000000000000000e+00 0.0000000000000000e+00 
1.0000000000000000e+00 0.0000000000000000e+00 
1.0000000000000000e+00 0.0000000000000000e+00 
1.0000000000000000e+00 0.0000000000000000e+00 
1.0000000000000000e+00 0.0000000000000000e+00 
1.0000000000000000e+00 0.0000000000000000e+00 
1.0000000000000000e+00 0.0000000000000000e+00 
1.0000000000000000e+00 0.0000000000000000e+00 
1.0000000000000000e+00 0.0000000000000000e+00 
1.0000000000000000e+00 0.0000000000000000e+00 
1.0000000000000000e+00 0.0000000000000000e+00 
1.0000000000000000e+00 0.0000000000000000e+00 
1.0000000000000000e+00 0.0000000000000000e+00 
1.0000000000000000e+00 0.0000000000000000e+00 
1.0000000000000000e+00 0.0000000000000000e+00 
1.0000000000000000e+00 0.0000000000000000e+00 
6.6666562499961157e-01 3.3333437500038837e-01 
0.0000000000000000e+00 1.0000000000000000e+00 
0.0000000000000000e+00 1.0000000000000000e+00 
6.6666562499961157e-01 3.3333437500038837e-01 
1.0000000000000000e+00 0.0000000000000000e+00 
1.0000000000000000e+00 0.0000000000000000e+00 
1.0000000000000000e+00 0.0000000000000000e+00 
1.0000000000000000e+00 0.0000000000000000e+00 
1.0000000000000000e+00 0.0000000000000000e+00 
1.0000000000000000e+00 0.0000000000000000e+00 
1.0000000000000000e+00 0.0000000000000000e+00 
1.0000000000000000e+00 0.0000000000000000e+00 
1.0000000000000000e+00 0.0000000000000000e+00 
1.0000000000000000e+00 0.0000000000000000e+00 
1.0000000000000000e+00 0.0000000000000000e+00 
1.0000000000000000e+00 0.0000000000000000e+00 
1.0000000000000000e+00 0.0000000000000000e+00 
1.0000000000000000e+00 0.0000000000000000e+00 
1.0000000000000000e+00 0.0000000000000000e+00 
1.0000000000000000e+00 0.0000000000000000e+00 
3.3333437500038837e-01 6.6666562499961157e-01 
0.0000000000000000e+00 1.0000000000000000e+00 
0.0000000000000000e+00 1.0000000000000000e+00 
3.3333437500038837e-01 6.6666562499961157e-01 
1.0000000000000000e+00 0.0000000000000000e+00 
1.0000000000000000e+00 0.0000000000000000e+00 
1.0000000000000000e+00 0.0000000000000000e+00 
1.0000000000000000e+00 0.0000000000000000e+00 
1.0000000000000000e+00 0.0000000000000000e+00 
1.0000000000000000e+00 0.0000000000000000e+00 
1.0000000000000000e+00 0.0000000000000000e+00 
1.0000000000000000e+00 0.0000000000000000e+00 
1.0000000000000000e+00 0.0000000000000000e+00 
1.0000000000000000e+00 0.0000000000000000e+00 
1.0000000000000000e+00 0.0000000000000000e+00 
1.0000000000000000e+00 0.0000000000000000e+00 
1.0000000000000000e+00 0.0000000000000000e+00 
1.0000000000000000e+00 0.0000000000000000e+00 
1.0000000000000000e+00 0.0000000000000000e+00 
9.5833437499909446e-01 4.1665625000905593e-02 
4.1665625000906294e-02 9.5833437499909380e-01 
0.0000000000000000e+00 1.0000000000000000e+00 
0.0000000000000000e+00 1.0000000000000000e+00 
4.1665625000906287e-02 9.5833437499909380e-01 
9.5833437499909369e-01 4.1665625000906314e-02 
1.0000000000000000e+00 0.0000000000000000e+00 
1.0000000000000000e+00 0.0000000000000000e+00 
1.0000000000000000e+00 0.0000000000000000e+00 
1.0000000000000000e+00 0.0000000000000000e+00 
1.0000000000000000e+00 0.0000000000000000e+00 
1.0000000000000000e+00 0.0000000000000000e+00 
1.0000000000000000e+00 0.0000000000000000e+00 
1.0000000000000000e+00 0.0000000000000000e+00 
1.0000000000000000e+00 0.0000000000000000e+00 
1.0000000000000000e+00 0.0000000000000000e+00 
1.0000000000000000e+00 0.0000000000000000e+00 
1.0000000000000000e+00 0.0000000000000000e+00 
1.0000000000000000e+00 0.0000000000000000e+00 
1.0000000000000000e+00 0.0000000000000000e+00 
6.6666562499961157e-01 3.3333437500038843e-01 
0.0000000000000000e+00 1.0000000000000000e+00 
0.0000000000000000e+00 1.0000000000000000e+00 
0.0000000000000000e+00 1.0000000000000000e+00 
0.0000000000000000e+00 1.0000000000000000e+00 
6.6666562499961157e-01 3.3333437500038843e-01 
1.0000000000000000e+00 0.0000000000000000e+00 
1.0000000000000000e+00 0.0000000000000000e+00 
1.0000000000000000e+00 0.0000000000000000e+00 
1.0000000000000000e+00 0.0000000000000000e+00 
1.0000000000000000e+00 0.0000000000000000e+00 
1.0000000000000000e+00 0.0000000000000000e+00 
1.0000000000000000e+00 0.0000000000000000e+00 
1.0000000000000000e+00 0.0000000000000000e+00 
1.0000000000000000e+00 0.0000000000000000e+00 
1.0000000000000000e+00 0.0000000000000000e+00 
1.0000000000000000e+00 0.0000000000000000e+00 
1.0000000000000000e+00 0.0000000000000000e+00 
1.0000000000000000e+00 0.0000000000000000e+00 
1.0000000000000000e+00 0.0000000000000000e+00 
6.6666562499961157e-01 3.3333437500038837e-01 
0.0000000000000000e+00 1.0000000000000000e+00 
0.0000000000000000e+00 1.0000000000000000e+00 
0.0000000000000000e+00 1.0000000000000000e+00 
0.0000000000000000e+00 1.0000000000000000e+00 
6.6666562499961157e-01 3.3333437500038837e-01 
1.0000000000000000e+00 0.0000000000000000e+00 
1.0000000000000000e+00 0.0000000000000000e+00 
1.0000000000000000e+00 0.0000000000000000e+00 
1.0000000000000000e+00 0.0000000000000000e+00 
1.0000000000000000e+00 0.0000000000000000e+00 
1.0000000000000000e+00 0.0000000000000000e+00 
1.0000000000000000e+00 0.0000000000000000e+00 
1.0000000000000000e+00 0.0000000000000000e+00 
1.0000000000000000e+00 0.0000000000000000e+00 
1.0000000000000000e+00 0.0000000000000000e+00 
1.0000000000000000e+00 0.0000000000000000e+00 
1.0000000000000000e+00 0.0000000000000000e+00 
1.0000000000000000e+00 0.0000000000000000e+00 
1.0000000000000000e+00 0.0000000000000000e+00 
9.5833437499909380e-01 4.1665625000906252e-02 
4.1665625000907140e-02 9.5833437499909291e-01 
0.0000000000000000e+00 1.0000000000000000e+00 
0.0000000000000000e+00 1.0000000000000000e+00 
4.1665625000906252e-02 9.5833437499909380e-01 
9.5833437499909380e-01 4.1665625000906266e-02 
1.0000000000000000e+00 0.0000000000000000e+00 
1.0000000000000000e+00 0.0000000000000000e+00 
1.0000000000000000e+00 0.0000000000000000e+00 
1.0000000000000000e+00 0.0000000000000000e+00 
1.0000000000000000e+00 0.0000000000000000e+00 
1.0000000000000000e+00 0.0000000000000000e+00 
1.0000000000000000e+00 0.0000000000000000e+00 
1.0000000000000000e+00 0.0000000000000000e+00 
1.0000000000000000e+00 0.0000000000000000e+00 
1.0000000000000000e+00 0.0000000000000000e+00 
1.0000000000000000e+00 0.0000000000000000e+00 
1.0000000000000000e+00 0.0000000000000000e+00 
1.0000000000000000e+00 0.0000000000000000e+00 
1.0000000000000000e+00 0.0000000000000000e+00 
1.0000000000000000e+00 0.0000000000000000e+00 
3.3333437500038843e-01 6.6666562499961157e-01 
0.0000000000000000e+00 1.0000000000000000e+00 
0.0000000000000000e+00 1.0000000000000000e+00 
3.3333437500038843e-01 6.6666562499961157e-01 
1.0000000000000000e+00 0.0000000000000000e+00 
1.0000000000000000e+00 0.0000000000000000e+00 
1.0000000000000000e+00 0.0000000000000000e+00 
1.0000000000000000e+00 0.0000000000000000e+00 
1.0000000000000000e+00 0.0000000000000000e+00 
1.0000000000000000e+00 0.0000000000000000e+00 
1.0000000000000000e+00 0.0000000000000000e+00 
1.0000000000000000e+00 0.0000000000000000e+00 
1.0000000000000000e+00 0.0000000000000000e+00 
1.0000000000000000e+00 0.0000000000000000e+00 
1.0000000000000000e+00 0.0000000000000000e+00 
1.0000000000000000e+00 0.0000000000000000e+00 
1.0000000000000000e+00 0.0000000000000000e+00 
1.0000000000000000e+00 0.0000000000000000e+00 
1.0000000000000000e+00 0.0000000000000000e+00 
1.0000000000000000e+00 0.0000000000000000e+00 
6.6666562499961157e-01 3.3333437500038843e-01 
0.0000000000000000e+00 1.0000000000000000e+00 
0.0000000000000000e+00 1.0000000000000000e+00 
6.6666562499961157e-01 3.3333437500038843e-01 
1.0000000000000000e+00 0.0000000000000000e+00 
1.0000000000000000e+00 0.0000000000000000e+00 
1.0000000000000000e+00 0.0000000000000000e+00 
1.0000000000000000e+00 0.0000000000000000e+00 
1.0000000000000000e+00 0.0000000000000000e+00 
1.0000000000000000e+00 0.0000000000000000e+00 
1.0000000000000000e+00 0.0000000000000000e+00 
1.0000000000000000e+00 0.0000000000000000e+00 
1.0000000000000000e+00 0.0000000000000000e+00 
1.0000000000000000e+00 0.0000000000000000e+00 
1.0000000000000000e+00 0.0000000000000000e+00 
1.0000000000000000e+00 0.0000000000000000e+00 
1.0000000000000000e+00 0.0000000000000000e+00 
1.0000000000000000e+00 0.0000000000000000e+00 
1.0000000000000000e+00 0.0000000000000000e+00 
1.0000000000000000e+00 0.0000000000000000e+00 
9.5833437499909513e-01 4.1665625000904795e-02 
4.1665625000906335e-02 9.5833437499909369e-01 
4.1665625000906308e-02 9.5833437499909369e-01 
9.5833437499909380e-01 4.1665625000906287e-02 
1.0000000000000000e+00 0.0000000000000000e+00 
1.0000000000000000e+00 0.0000000000000000e+00 
1.0000000000000000e+00 0.0000000000000000e+00 
1.0000000000000000e+00 0.0000000000000000e+00 
1.0000000000000000e+00 0.0000000000000000e+00 
1.0000000000000000e+00 0.0000000000000000e+00 
1.0000000000000000e+00 0.0000000000000000e+00 
1.0000000000000000e+00 0.0000000000000000e+00 
1.0000000000000000e+00 0.0000000000000000e+00 
1.0000000000000000e+00 0.0000000000000000e+00 
1.0000000000000000e+00 0.0000000000000000e+00 
1.0000000000000000e+00 0.0000000000000000e+00 
1.0000000000000000e+00 0.0000000000000000e+00 
1.0000000000000000e+00 0.0000000000000000e+00 
1.0000000000000000e+00 0.0000000000000000e+00 
1.0000000000000000e+00 0.0000000000000000e+00 
1.0000000000000000e+00 0.0000000000000000e+00 
3.3333437500038837e-01 6.6666562499961157e-01 
3.3333437500038837e-01 6.6666562499961157e-01 
1.0000000000000000e+00 0.0000000000000000e+00 
1.0000000000000000e+00 0.0000000000000000e+00 
1.0000000000000000e+00 0.0000000000000000e+00 
1.0000000000000000e+00 0.0000000000000000e+00 
1.0000000000000000e+00 0.0000000000000000e+00 
1.0000000000000000e+00 0.0000000000000000e+00 
1.0000000000000000e+00 0.0000000000000000e+00 
1.0000000000000000e+00 0.0000000000000000e+00 
1.0000000000000000e+00 0.0000000000000000e+00 
1.0000000000000000e+00 0.0000000000000000e+00 
1.0000000000000000e+00 0.0000000000000000e+00 
1.0000000000000000e+00 0.0000000000000000e+00 
1.0000000000000000e+00 0.0000000000000000e+00 
1.0000000000000000e+00 0.0000000000000000e+00 
1.0000000000000000e+00 0.0000000000000000e+00 
1.0000000000000000e+00 0.0000000000000000e+00 
1.0000000000000000e+00 0.0000000000000000e+00 
1.0000000000000000e+00 0.0000000000000000e+00 
6.6666562499961157e-01 3.3333437500038837e-01 
6.6666562499961157e-01 3.3333437500038843e-01 
1.0000000000000000e+00 0.0000000000000000e+00 
1.0000000000000000e+00 0.0000000000000000e+00 
1.0000000000000000e+00 0.0000000000000000e+00 
1.0000000000000000e+00 0.0000000000000000e+00 
1.0000000000000000e+00 0.0000000000000000e+00 
1.0000000000000000e+00 0.0000000000000000e+00 
1.0000000000000000e+00 0.0000000000000000e+00 
1.0000000000000000e+00 0.0000000000000000e+00 
1.0000000000000000e+00 0.0000000000000000e+00 
1.0000000000000000e+00 0.0000000000000000e+00 
1.0000000000000000e+00 0.0000000000000000e+00 
1.0000000000000000e+00 0.0000000000000000e+00 
1.0000000000000000e+00 0.0000000000000000e+00 
1.0000000000000000e+00 0.0000000000000000e+00 
1.0000000000000000e+00 0.0000000000000000e+00 
1.0000000000000000e+00 0.0000000000000000e+00 
1.0000000000000000e+00 0.0000000000000000e+00 
1.0000000000000000e+00 0.0000000000000000e+00 
9.5833437499909380e-01 4.1665625000906259e-02 
9.5833437499909380e-01 4.1665625000906259e-02 
1.0000000000000000e+00 0.0000000000000000e+00 
1.0000000000000000e+00 0.0000000000000000e+00 
1.0000000000000000e+00 0.0000000000000000e+00 
1.0000000000000000e+00 0.0000000000000000e+00 
1.0000000000000000e+00 0.0000000000000000e+00 
1.0000000000000000e+00 0.0000000000000000e+00 
1.0000000000000000e+00 0.0000000000000000e+00 
1.0000000000000000e+00 0.0000000000000000e+00 
1.0000000000000000e+00 0.0000000000000000e+00 
1.0000000000000000e+00 0.0000000000000000e+00 
1.0000000000000000e+00 0.0000000000000000e+00 
1.0000000000000000e+00 0.0000000000000000e+00 
1.0000000000000000e+00 0.0000000000000000e+00 
1.0000000000000000e+00 0.0000000000000000e+00 
1.0000000000000000e+00 0.0000000000000000e+00 
1.0000000000000000e+00 0.0000000000000000e+00 
1.0000000000000000e+00 0.0000000000000000e+00 
1.0000000000000000e+00 0.0000000000000000e+00 
1.0000000000000000e+00 0.0000000000000000e+00 
1.0000000000000000e+00 0.0000000000000000e+00 
1.0000000000000000e+00 0.0000000000000000e+00 
1.0000000000000000e+00 0.0000000000000000e+00 
1.0000000000000000e+00 0.0000000000000000e+00 
1.0000000000000000e+00 0.0000000000000000e+00 
1.0000000000000000e+00 0.0000000000000000e+00 
1.0000000000000000e+00 0.0000000000000000e+00 
1.0000000000000000e+00 0.0000000000000000e+00 
1.0000000000000000e+00 0.0000000000000000e+00 
1.0000000000000000e+00 0.0000000000000000e+00 
1.0000000000000000e+00 0.0000000000000000e+00 
1.0000000000000000e+00 0.0000000000000000e+00 
1.0000000000000000e+00 0.0000000000000000e+00 
1.0000000000000000e+00 0.0000000000000000e+00 
1.0000000000000000e+00 0.0000000000000000e+00 
1.0000000000000000e+00 0.0000000000000000e+00 
1.0000000000000000e+00 0.0000000000000000e+00 
1.0000000000000000e+00 0.0000000000000000e+00 
1.0000000000000000e+00 0.0000000000000000e+00 
1.0000000000000000e+00 0.0000000000000000e+00 
1.0000000000000000e+00 0.0000000000000000e+00 
1.0000000000000000e+00 0.0000000000000000e+00 
1.0000000000000000e+00 0.0000000000000000e+00 
1.0000000000000000e+00 0.0000000000000000e+00 
1.0000000000000000e+00 0.0000000000000000e+00 
1.0000000000000000e+00 0.0000000000000000e+00 
1.0000000000000000e+00 0.0000000000000000e+00 
1.0000000000000000e+00 0.0000000000000000e+00 
1.0000000000000000e+00 0.0000000000000000e+00 
1.0000000000000000e+00 0.0000000000000000e+00 